1000
1100
1105
1110
1130
1140
1150
1160
1170
1180
1190
1200
1210
1215
1220
1230
1240
1250
1260
1600
1300
1310
1320
1330
1340
1350
1360
1370
1400
1410
1420
1430
1450
1500
1510
1520
1530
1540
1550
1700
2000
2110
2120
2100
2210
2220
2200
2310
2320
2330
2340
2350
2300
2410
2411
2412
2420
2460
2400
2510
2520
2530
2500
2900
2910
3000
3100
3110
3120
3101
3211
3212
3227
3201
3231
3232
3216
3240
3241
3242
3250
3200
3210
3220
3230
3311
3312
3327
3330
3331
3332
3316
3340
3341
3342
3300
4000
4110
4111
4112
4113
4114
4119
4120
4121
4122
4123
4124
4129
4100
4210
4211
4212
4213
4214
4219
4220
4221
4222
4223
4224
4229
4200
4310
4311
4312
4313
4314
4319
4320
4321
4322
4323
4329
4300
4400
4450
4500
4490